0.489796
0.529363
0.44898
0.474182
0.560183
0.451037
0.395668
0.378796
0.253126
0.342618
0.530612
0.250447
0.154483
0.507705
0.276288
0.428571
0.498542
0.510204
0.430237
0.543709
0.55102
0.561433
0.591837
0.592109
0.619614
0.14555
0.612245
0.583966
0.622526
0.489796
0.259059
0.269162
0.478406
0.159702
0.469388
0.644954
0.560195
0.530612
0.517389
0.571429
0.129522
0.182476
0.353832
0.300192
0.530612
0.516451
0.555049
0.419409
0.419638
0.564144
0.279586
0.279434
0.201842
0.402861
0.0651132
0.180933
0.480809
0.0707788
0.632653
0.514786
0.400927
0.136903
0.502707
0.561832
0.356692
0.375918
0.0898464
0.525347
0.141065
0.149075
0.230789
0.272437
0.308858
0.505746
0.175199
0.298722
0.493105
0.2601
0.312594
0.498126
0.428342
0.34877
0.670512
0.516989
0.23688
0.226474
0.251988
0.281074
0.279883
0.524781
0.0908693
0.0840793
0.347713
0.29291
0.0723768
0.599837
0.386343
0.604062
0.303411
0.112981
0.137926
0.436665
0.419387
0.456984
0.474641
0.0610491
0.038727
0.132903
0.276197
0.238892
0.250788
0.50873
0.539107
0.0289584
0.223512
0.189979
0.295326
0.0849663
0.258702
0.134627
0.126002
0.04702
0.415279
0.269191
0.30124
0.244279
0.226139
0.100536
0.177962
0.417943
0.64848
0.296967
0.343252
0.0549662
0.0380105
0.0554136
0.133009
0.159776
0.148606
0.416328
0.413162
0.497871
0.222911
0.482605
0.189358
0.220468
0.208193
0.334682
0.36093
0.322843
0.482229
0.141907
0.131451
0.321817
0.234496
0.245063
0.209326
0.235325
0.235931
0.25243
0.535093
0.272594
0.159731
0.0278095
0.101002
0.188158
0.181199
0.0997042
0.103352
0.0830613
0.0614465
0.0700596
0.070229
0.306369
0.174174
0.11879
0.167654
0.136525
0.172797
0.137979
0.134073
0.162349
0.14357
0.103086
0.0473852
0.0272128
0.148896
0.176779
0.131379
0.155376
0.127092
0.0688033
0.0839471
0.116373
0.048887
0.103587
0.157265
0.170463
0.203141
0.186902
0.145729
0.12677
0.0476928
0.124314
0.10762
0.0805364
0.104063
0.15
0.138492
0.0605023
0.0714684
0.0564755
0.104831
0.0281219
0.0253169
0.0905345
0.058075
0.159519
0.0778046
0.056981
0.0951663
0.0772528
0.0651696
0.0528756
0.0779446
0.125444
0.10747
0.058473
0.0753563
0.0834656
0.0447141
0.0809933
0.068476
0.07972
0.0827253
0.0644976
0.0477211
0.0887874
0.150521
0.0789006
0.0580455
0.0531706
0.0548442
0.0422424
0.0414826
0.0154237
0.0218528
0.0216465
0.0116955
0.0891411
0.0268941
0.0229592
0.0779697
0.0146133
0.0593199
0.0679212
0.0757612
0.0310291
0.0488516
0.0250657
0.0381774
0.0311717
0.0390745
0.0672212
0.0517893
0.0351229
0.0389858
0.0330742
0.032694
0.0862201
0.0346939
0.031827
0.0655031
0.0169427
0.0139267
0.0326664
0.0475064
0.0360549
0.0128374
0.0671352
0.0428715
0.0367798
0.0324941
0.0264249
0.0224103
0.0207888
0.0451153
0.0709447
0.0282324
0.0302816
0.0209781
0.0408564
0.0102732
0.0277234
0.025763
0.0287923
0.0387161
0.0587846
0.0180409
0.0248932
0.0293257
0.00914319
0.034339
0.00912699
0.0154553
0.0379689
0.0152692
0.0282069
0.0150251
0.0175391
0.0151945
0.0143091
0.0132372
0.0118643
0.0192183
0.00935299
0.0115578
0.0133449
0.00938517
0.0202036
0.0152267
0.00697507
0.0153187
0.0149542
0.0236688
0.0306431
0.0101744
0.00778765
0.0443672
0.0279765
0.0409494
0.0208123
0.0213871
0.00624542
0.00659226
0.0058859
0.0228409
0.0102995
0.00521231
0.010154
0.0153682
0.010931
0.0207001
0.0159049
0.0111008
0.0153745
0.00777243
0.0225761
0.00925854
0.00942555
0.0122892
0.0181564
0.0108808
0.011281
0.00915636
0.0151993
0.00649877
0.00643641
0.00534622
0.00766525
0.00400111
0.00686272
0.00729628
0.00483204
0.00483485
0.00399467
0.0041002
0.00336212
0.00755117
0.0125784
0.0175965
0.0061591
0.00186861
0.00386798
0.00740149
0.00914872
0.00737119
0.00480095
0.0051065
0.00378021
0.00367558
0.00292143
0.00462597
0.00752901
0.0117419
0.00176009
0.00373007
0.010884
0.0263852
0.0100023
0.00231468
0.00503887
0.00942427
0.00856902
0.00391404
0.00337124
0.00221036
0.00546725
0.00551003
0.00266324
0.00143673
0.00296885
0.00771938
0.00578527
0.00424683
0.00469121
0.00455297
0.00400442
0.00307529
0.00137523
0.00591166
0.00460681
0.00155733
0.000999803
0.00423953
0.00352434
0.00169044
0.00311775
0.0014292
0.0029562
0.00145216
0.000685823
0.00412083
0.00295791
0.00267308
0.000599158
0.00104692
0.00253814
0.00241017
0.00291539
0.00141783
0.00106008
0.000842502
0.00221644
0.00213394
0.00158226
0.00195309
0.00126509
0.000550559
0.0011417
0.000612954
0.000500456
0.000678665
0.000816761
0.000888996
0.732935
