1122.99
830.44
874.762
730.073
702.55
666.436
585.72
585.271
674.584
582.54
565.063
554.088
527.17
539.571
481.532
491.94
452.607
563.055
471.981
442.045
438.447
438.277
436.137
432.982
447.199
427.527
464.931
414.66
419.891
414.236
405.203
372.001
372.001
443.175
534.232
365.21
351.547
369.563
388.55
350.599
323.239
548.166
314.192
377.839
311.264
289.951
286.914
281.76
327.646
280.815
265.998
262.949
252.13
250.026
237.81
234.55
419.537
333.975
230.731
236.032
233.792
227.225
221.049
220.662
201.089
332.124
258.531
209.621
193.179
488.898
190.305
223.753
214.209
185.733
182.892
206.829
230.569
161.191
218
140.455
138.663
170.856
172.396
96.2133
158.294
0
