512.095
433.236
433.344
386.843
400.215
419.161
358.983
353.399
415.299
337.443
368.332
362.789
353.693
335.272
362.805
367.886
365.39
287.344
344.297
299.028
359.415
359.507
281.22
263.532
254.123
260.969
251.973
245.751
237.913
233.351
293.181
246.124
237.367
231.838
262.735
275.971
383.624
309.784
223.456
220.491
231.002
208.787
199.699
248.883
238.64
188.924
207.022
182.625
179.084
230.699
185.794
178.361
181.54
176.879
175.103
216.284
171.385
180.73
162
145.438
154.607
144.748
140.751
154.991
140.535
139.656
226.892
237.375
213.704
239.428
234.78
124.696
122.356
117.602
116.533
110.145
99.2138
85.075
0.245561
0.0861231
0.0695216
