0.489796
0.579758
0.489796
0.508538
0.489796
0.261932
0.477718
0.469388
0.549354
0.547272
0.250057
0.428571
0.533528
0.523226
0.477599
0.596509
0.227049
0.469388
0.452312
0.276888
0.503636
0.497854
0.287593
0.428571
0.367646
0.489796
0.529363
0.533528
0.112256
0.236988
0.469388
0.586839
0.29877
0.131991
0.489796
0.548521
0.489796
0.541246
0.644148
0.148769
0.489796
0.533528
0.559231
0.443077
0.457918
0.510204
0.636675
0.44898
0.262077
0.488546
0.280285
0.510204
0.612092
0.251747
0.304344
0.184298
0.477718
0.469388
0.573095
0.458168
0.592462
0.245739
0.23103
0.1283
0.533528
0.246393
0.247634
0.282174
0.351051
0.416374
0.413176
0.456476
0.489796
0.538942
0.549558
0.49991
0.510186
0.500952
0.279759
0.268964
0.25049
0.234283
0.218215
0.189635
0.147888
0.132759
0.35878
0.235105
0.126848
0.264254
0.298235
0.298016
0.358748
0.584552
0.268156
0.0727102
0.280972
0.239666
0.283785
0.0570518
0.573639
0.569054
0.280221
0.313348
0.152717
0.529363
0.576222
0.256909
0.590123
0.568278
0.371701
0.335049
0.242667
0.420008
0.531431
0.503138
0.221661
0.301041
0.0958805
0.444259
0.604827
0.387909
0.124176
0.237338
0.0735144
0.0638672
0.347313
0.27347
0.211055
0.168863
0.0620818
0.262984
0.402749
0.183332
0.25063
0.332768
0.26489
0.238617
0.0728467
0.181687
0.12843
0.30653
0.35609
0.292535
0.262664
0.208938
0.390591
0.294587
0.0375589
0.281524
0.352336
0.136363
0.117586
0.0488793
0.0856292
0.0837076
0.103658
0.158798
0.0256826
0.230833
0.157165
0.178968
0.0307404
0.135448
0.0524099
0.15611
0.171788
0.155201
0.149394
0.251478
0.267497
0.108418
0.210231
0.132461
0.0801296
0.182427
0.160746
0.131406
0.128771
0.14712
0.182836
0.26691
0.111446
0.0668192
0.0808964
0.0755744
0.148679
0.192235
0.146905
0.0830132
0.222698
0.0907708
0.0793213
0.0649773
0.0821958
0.0873807
0.0715254
0.0397403
0.211844
0.0536899
0.106008
0.115219
0.0898093
0.100432
0.1162
0.0777842
0.0606715
0.0786534
0.084624
0.0432178
0.0453147
0.0456882
0.251604
0.0372891
0.0298177
0.0350347
0.0437699
0.0455266
0.0419834
0.0432211
0.0524767
0.0392339
0.0442953
0.0245195
0.0228639
0.130897
0.166643
0.130963
0.196079
0.108616
0.10084
0.192495
0.0990562
0.0636693
0.0400691
0.0625013
0.0309791
0.0368215
0.344332
0.110422
0.0196994
0.0935556
0.0122455
0.0439532
0.0810276
0.108599
0.131389
0.0194541
0.0203447
0.0188577
0.0406058
0.0652114
0.0719672
0.124425
0.0607351
0.109619
0.145966
0.0728971
0.048865
0.0272719
0.0665097
0.0384238
0.0973421
0.0203833
0.0234307
0.0220159
0.0676954
0.0774522
0.0729266
0.00901544
0.0105676
0.0247081
0.0255185
0.0928683
0.033808
0.0140057
0.0708858
0.0555767
0.203804
0.161827
0.111441
0.0922336
0.200477
0.0859863
0.0956482
0.116576
0.0410092
0.037072
0.0238031
0.0232643
0.0153466
0.0139626
0.0132673
0.0767166
0.0560777
0.0379093
0.0728346
0.014366
0.015563
0.011025
0.0386401
0.0140393
0.0222542
0.0235593
0.012226
0.0348479
0.0356048
0.0344335
0.0362397
0.0317933
0.011863
0.0216672
0.0122194
0.0122205
0.038687
0.0397755
0.06104
0.03684
0.0242101
0.0192902
0.0146534
0.0218777
0.0079614
0.00697896
0.0327907
0.0723758
0.0347254
0.0320094
0.033013
0.0957418
0.076533
0.0519847
0.0524088
0.0526866
0.01487
0.0128125
0.00672124
0.00888604
0.0337228
0.0200047
0.0102811
0.0187939
0.00545786
0.00744749
0.0160806
0.0479293
0.00519346
0.00642235
0.00740247
0.0231948
0.0393877
0.00424387
0.00490307
0.00363589
0.00850106
0.00458923
0.030379
0.0255738
0.0264779
0.0271714
0.00791659
0.00730883
0.00852594
0.0165715
0.0214535
0.012218
0.00755126
0.0369742
0.007522
0.0159485
0.00444674
0.00573625
0.0040017
0.0180822
0.00505661
0.0137894
0.00541476
0.0211984
0.0206825
0.011109
0.00536992
0.00252672
0.0235599
0.018346
0.0155444
0.0177635
0.00436
0.0176755
0.0200838
0.0103138
0.00265384
0.0102822
0.00361901
0.00706152
0.0061909
0.00289165
0.00499497
0.00273518
0.00596918
0.00204552
0.00270835
0.00303995
0.00210552
0.00211176
0.0118718
0.00290631
0.00284456
0.00214877
0.011434
0.0170462
0.0118861
0.0101847
0.00180278
0.00173622
0.00835344
0.0100379
0.00884237
0.00133054
0.00173606
0.00103566
0.00151186
0.00275197
0.0100625
0.00337646
0.0023738
0.00976253
0.00617108
0.00530219
0.00900488
0.00310355
0.00683909
0.00338269
0.0011677
0.00104289
0.000993013
0.001378
0.00114372
0.00169799
0.00125984
0.00124987
0.00549426
0.00136454
0.0119755
0.00110958
0.00339778
0.000837721
0.0011288
0.00447205
0.00542792
0.00592038
0.000711734
0.000679944
0.000840524
0.000557221
0.00528143
0.00243375
0.0035351
0.00118701
0.000746866
0.000686039
0.000745784
0.000508633
0.000519672
0.000730216
0.00164563
0.00314809
0.0206651
0.00190495
0.00171147
0.00297395
