0.834694
0.834694
0.807318
0.807318
0.803798
0.803345
0.803287
0.80328
0.803279
0.803279
0.803279
0.803279
0.803279
0.803279
0.803279
0.803279
0.803279
0.803279
0.803279
0.803279
0.803279
0.803279
0.803279
0.803279
0.803279
0.803279
0.803279
0.803279
0.803279
0.803279
0.808221
0.823847
0.826229
0.861549
0.864836
0.846771
0.809534
0.804083
0.803382
0.803292
0.80328
0.803279
0.863503
0.803279
0.803279
0.803279
0.826161
0.886474
0.894091
0.871823
0.867735
0.832639
0.845324
0.846485
0.812165
0.862948
0.866679
0.801936
0.847797
0.810043
0.926466
0.806287
0.851237
0.847152
0.846668
0.84661
0.846603
0.846602
0.846602
0.846602
0.846602
0.846602
0.846602
0.846602
0.846602
0.846602
0.846602
0.846602
0.846602
0.846602
0.846602
0.846602
0.846602
0.846602
0.846602
0.846602
0.846602
0.846602
0.884247
0.864339
0.866781
0.866961
0.866974
0.866975
0.866975
0.866975
0.866975
0.866975
0.866975
0.866975
0.866975
0.866975
0.866975
0.866975
0.866975
0.866975
0.866975
0.866975
0.866975
0.866975
0.866975
0.866975
0.866975
0.866979
0.867009
0.867238
0.869022
0.917044
0.803279
0.774047
0.771086
0.79914
0.802747
0.80321
0.773764
0.799484
0.802791
0.803216
0.840816
0.877826
0.828571
0.889446
0.912859
0.822401
0.857948
0.864234
0.866506
0.866906
0.826899
0.794672
0.816293
0.881773
0.810669
0.870348
0.854575
0.903601
0.828982
0.82751
0.820975
0.84108
0.869429
0.818978
0.823861
0.8701
0.872072
0.87231
0.856085
0.840816
0.833294
0.867737
0.845417
0.829463
0.803271
0.828571
0.807967
0.825033
0.819035
0.816291
0.820591
0.855419
0.808545
0.803956
0.773917
0.865216
0.799504
0.861507
0.868325
0.808928
0.887412
0.883597
0.853305
0.829467
0.908016
0.824919
0.811256
0.834694
0.864394
0.816118
0.803278
0.885239
0.850806
0.852273
0.815426
0.827019
0.828297
0.828438
0.828453
0.828455
0.828455
0.828455
0.828455
0.828455
0.828455
0.828455
0.828455
0.828456
0.828458
0.828475
0.880617
0.809391
0.86879
0.891598
0.839671
0.860727
0.91225
0.870872
0.888509
0.807933
0.803877
0.803356
0.794527
0.843977
0.910021
0.907935
0.77848
0.811774
0.809077
0.845034
0.836103
0.853053
0.866057
0.834421
0.835048
0.834883
0.875448
0.925587
0.926081
0.926087
0.931756
0.825254
0.798054
0.882108
0.848863
0.792355
0.909339
0.855377
0.926366
0.851773
0.842982
0.863134
0.832088
0.80484
0.807075
0.822734
0.86348
0.832271
0.845283
0.812054
0.845572
0.833782
0.821443
0.84493
0.841668
0.914398
0.828727
0.893695
0.852864
0.839549
0.817011
0.832895
0.930269
0.834646
0.889892
0.842031
0.905428
0.829334
0.919711
0.907906
0.917848
0.919481
0.93158
0.807303
0.813627
0.820231
0.885769
0.899044
0.907893
0.879696
0.911453
0.910601
0.911432
0.914413
0.915433
0.913878
0.920153
0.79734
0.803001
0.810271
0.842002
0.884438
0.922988
0.844111
0.866408
0.838285
0.807318
0.83228
0.843771
0.806603
0.867584
0.823002
0.811865
0.81409
0.866473
0.842881
0.854725
0.828364
0.844472
0.838117
0.808342
0.920388
0.819424
0.94388
0.809121
0.80403
0.889202
0.890729
0.802191
0.827598
0.82933
0.932032
0.930058
0.921402
0.85547
0.846658
0.894101
0.926842
0.872606
0.779743
0.832375
0.923896
0.837136
0.846138
0.872436
0.82746
0.860243
0.909323
0.866144
0.873856
0.943311
0.806565
0.803796
0.834694
0.906748
0.860168
0.82701
0.93217
0.819124
0.835241
0.806816
0.803733
0.803337
0.803286
0.788525
0.801382
0.758877
0.810033
0.79757
0.808185
0.827326
0.827725
0.810766
0.834841
0.826026
0.85695
0.834951
0.89175
0.911015
0.830068
0.815295
0.899896
0.901508
0.810736
0.86257
0.827591
0.862286
0.844393
0.889219
0.861275
0.875274
0.915339
0.86906
0.867157
0.870778
0.91112
0.865992
0.809226
0.824569
0.876565
0.849402
0.836418
0.838169
0.892802
0.87091
0.817221
0.910952
0.835593
0.888457
0.827497
0.867518
0.856651
0.863668
0.888302
0.885202
0.873761
0.890557
0.940185
0.888746
0.885423
0.908406
0.868625
0.856585
0.851029
0.834165
0.862732
0.940349
0.933958
0.908757
0.965078
0.958692
0.948968
0.967349
0.951133
0.950685
0.941726
0.951805
0.961338
0.942957
0.929766
0.934473
0.968992
